vesselCount = 8
UT = 365868217.28658092
gameMode = CAREER
gameNull = False
kspVersion = 1.12.3
funds = 222108.74424948901
science = 14
reputationPercent = 52
ongoingContracts = 3
missionCurrentScore = 0
missionIsStarted = False
missionIsEnded = False
missionHistoryId = 00000000-0000-0000-0000-000000000000
missionExpansionVersion = 
saveMD5 = 
lastWriteTime = 637900407246947070
