vesselCount = 4
UT = 292250488.28683966
gameMode = CAREER
gameNull = False
kspVersion = 1.12.3
funds = 14585.148047607447
science = 7
reputationPercent = 45
ongoingContracts = 1
missionCurrentScore = 0
missionIsStarted = False
missionIsEnded = False
missionHistoryId = 00000000-0000-0000-0000-000000000000
missionExpansionVersion = 
saveMD5 = 
lastWriteTime = 637882125745794687
