vesselCount = 8
UT = 460829862.49717122
gameMode = CAREER
gameNull = False
kspVersion = 1.12.3
funds = 163729.80257970357
science = 4
reputationPercent = 65
ongoingContracts = 5
missionCurrentScore = 0
missionIsStarted = False
missionIsEnded = False
missionHistoryId = 00000000-0000-0000-0000-000000000000
missionExpansionVersion = 
saveMD5 = 
lastWriteTime = 637930920997672810
