vesselCount = 6
UT = 340127635.53032881
gameMode = CAREER
gameNull = False
kspVersion = 1.12.3
funds = 33812.408852744185
science = 5
reputationPercent = 47
ongoingContracts = 1
missionCurrentScore = 0
missionIsStarted = False
missionIsEnded = False
missionHistoryId = 00000000-0000-0000-0000-000000000000
missionExpansionVersion = 
saveMD5 = 
lastWriteTime = 637888412183449495
