vesselCount = 10
UT = 446734078.20595622
gameMode = CAREER
gameNull = False
kspVersion = 1.12.3
funds = 82108.673525066872
science = 4
reputationPercent = 60
ongoingContracts = 2
missionCurrentScore = 0
missionIsStarted = False
missionIsEnded = False
missionHistoryId = 00000000-0000-0000-0000-000000000000
missionExpansionVersion = 
saveMD5 = 
lastWriteTime = 637923965735887780
