vesselCount = 8
UT = 365477914.82165998
gameMode = CAREER
gameNull = False
kspVersion = 1.12.3
funds = 130075.49574003725
science = 7
reputationPercent = 52
ongoingContracts = 1
missionCurrentScore = 0
missionIsStarted = False
missionIsEnded = False
missionHistoryId = 00000000-0000-0000-0000-000000000000
missionExpansionVersion = 
saveMD5 = 
lastWriteTime = 637900268620908139
