vesselCount = 9
UT = 435238255.44699299
gameMode = CAREER
gameNull = False
kspVersion = 1.12.3
funds = 6168.4575754771113
science = 1
reputationPercent = 58
ongoingContracts = 3
missionCurrentScore = 0
missionIsStarted = False
missionIsEnded = False
missionHistoryId = 00000000-0000-0000-0000-000000000000
missionExpansionVersion = 
saveMD5 = 
lastWriteTime = 637907361034556339
