vesselCount = 8
UT = 435297287.41990602
gameMode = CAREER
gameNull = False
kspVersion = 1.12.3
funds = 7127.8284345721486
science = 1
reputationPercent = 58
ongoingContracts = 3
missionCurrentScore = 0
missionIsStarted = False
missionIsEnded = False
missionHistoryId = 00000000-0000-0000-0000-000000000000
missionExpansionVersion = 
saveMD5 = 
lastWriteTime = 637907363078540738
