vesselCount = 10
UT = 446507433.23763973
gameMode = CAREER
gameNull = False
kspVersion = 1.12.3
funds = 63031.805165596088
science = 4
reputationPercent = 58
ongoingContracts = 2
missionCurrentScore = 0
missionIsStarted = False
missionIsEnded = False
missionHistoryId = 00000000-0000-0000-0000-000000000000
missionExpansionVersion = 
saveMD5 = 
lastWriteTime = 637923963159793869
