vesselCount = 10
UT = 448461740.97309613
gameMode = CAREER
gameNull = False
kspVersion = 1.12.3
funds = 140876.15116789588
science = 4
reputationPercent = 60
ongoingContracts = 3
missionCurrentScore = 0
missionIsStarted = False
missionIsEnded = False
missionHistoryId = 00000000-0000-0000-0000-000000000000
missionExpansionVersion = 
saveMD5 = 
lastWriteTime = 637923974071382791
