vesselCount = 7
UT = 366901151.81289881
gameMode = CAREER
gameNull = False
kspVersion = 1.12.3
funds = 242788.07481350232
science = 16
reputationPercent = 52
ongoingContracts = 3
missionCurrentScore = 0
missionIsStarted = False
missionIsEnded = False
missionHistoryId = 00000000-0000-0000-0000-000000000000
missionExpansionVersion = 
saveMD5 = 
lastWriteTime = 637904581079639611
