vesselCount = 8
UT = 435326996.76521474
gameMode = CAREER
gameNull = False
kspVersion = 1.12.3
funds = 14206.888437093397
science = 1
reputationPercent = 58
ongoingContracts = 3
missionCurrentScore = 0
missionIsStarted = False
missionIsEnded = False
missionHistoryId = 00000000-0000-0000-0000-000000000000
missionExpansionVersion = 
saveMD5 = 
lastWriteTime = 637907368120220316
