vesselCount = 3
UT = 276005265.39008343
gameMode = CAREER
gameNull = False
kspVersion = 1.12.3
funds = 21859.506378950191
science = 5
reputationPercent = 40
ongoingContracts = 2
missionCurrentScore = 0
missionIsStarted = False
missionIsEnded = False
missionHistoryId = 00000000-0000-0000-0000-000000000000
missionExpansionVersion = 
saveMD5 = 
lastWriteTime = 637875336136271358
