vesselCount = 8
UT = 384632602.75265843
gameMode = CAREER
gameNull = False
kspVersion = 1.12.3
funds = 490182.16560904932
science = 17
reputationPercent = 53
ongoingContracts = 3
missionCurrentScore = 0
missionIsStarted = False
missionIsEnded = False
missionHistoryId = 00000000-0000-0000-0000-000000000000
missionExpansionVersion = 
saveMD5 = 
lastWriteTime = 637905670165982178
