vesselCount = 1
UT = 219589656.49871483
gameMode = CAREER
gameNull = False
kspVersion = 1.12.3
funds = 32171.054140873963
science = 13
reputationPercent = 26
ongoingContracts = 2
missionCurrentScore = 0
missionIsStarted = False
missionIsEnded = False
missionHistoryId = 00000000-0000-0000-0000-000000000000
missionExpansionVersion = 
saveMD5 = 
lastWriteTime = 637863961508010088
