vesselCount = 5
UT = 309183720.71130198
gameMode = CAREER
gameNull = False
kspVersion = 1.12.3
funds = 24081.957273225838
science = 7
reputationPercent = 46
ongoingContracts = 2
missionCurrentScore = 0
missionIsStarted = False
missionIsEnded = False
missionHistoryId = 00000000-0000-0000-0000-000000000000
missionExpansionVersion = 
saveMD5 = 
lastWriteTime = 637887569572126763
