vesselCount = 1
UT = 251826543.91520098
gameMode = CAREER
gameNull = False
kspVersion = 1.12.3
funds = 154029.09677709555
science = 9
reputationPercent = 35
ongoingContracts = 1
missionCurrentScore = 0
missionIsStarted = False
missionIsEnded = False
missionHistoryId = 00000000-0000-0000-0000-000000000000
missionExpansionVersion = 
saveMD5 = 
lastWriteTime = 637870033477585106
