vesselCount = 10
UT = 444422843.34843588
gameMode = CAREER
gameNull = False
kspVersion = 1.12.3
funds = 36131.643145747301
science = 1
reputationPercent = 58
ongoingContracts = 2
missionCurrentScore = 0
missionIsStarted = False
missionIsEnded = False
missionHistoryId = 00000000-0000-0000-0000-000000000000
missionExpansionVersion = 
saveMD5 = 
lastWriteTime = 637923917944850338
