vesselCount = 7
UT = 415657754.87662131
gameMode = CAREER
gameNull = False
kspVersion = 1.12.3
funds = 12265.965055210407
science = 1
reputationPercent = 58
ongoingContracts = 3
missionCurrentScore = 0
missionIsStarted = False
missionIsEnded = False
missionHistoryId = 00000000-0000-0000-0000-000000000000
missionExpansionVersion = 
saveMD5 = 
lastWriteTime = 637906716070563342
