vesselCount = 7
UT = 399821203.58070141
gameMode = CAREER
gameNull = False
kspVersion = 1.12.3
funds = 480927.92879204493
science = 2
reputationPercent = 54
ongoingContracts = 2
missionCurrentScore = 0
missionIsStarted = False
missionIsEnded = False
missionHistoryId = 00000000-0000-0000-0000-000000000000
missionExpansionVersion = 
saveMD5 = 
lastWriteTime = 637906342692477146
