vesselCount = 11
UT = 446303578.53767407
gameMode = CAREER
gameNull = False
kspVersion = 1.12.3
funds = 63348.425569114203
science = 1
reputationPercent = 58
ongoingContracts = 2
missionCurrentScore = 0
missionIsStarted = False
missionIsEnded = False
missionHistoryId = 00000000-0000-0000-0000-000000000000
missionExpansionVersion = 
saveMD5 = 
lastWriteTime = 637923955600606503
