vesselCount = 8
UT = 456519868.85417759
gameMode = CAREER
gameNull = False
kspVersion = 1.12.3
funds = 67296.189081608507
science = 4
reputationPercent = 65
ongoingContracts = 5
missionCurrentScore = 0
missionIsStarted = False
missionIsEnded = False
missionHistoryId = 00000000-0000-0000-0000-000000000000
missionExpansionVersion = 
saveMD5 = 
lastWriteTime = 637930874677678322
