vesselCount = 2
UT = 283357220.01129651
gameMode = CAREER
gameNull = False
kspVersion = 1.12.3
funds = 23000.673640020388
science = 5
reputationPercent = 40
ongoingContracts = 2
missionCurrentScore = 0
missionIsStarted = False
missionIsEnded = False
missionHistoryId = 00000000-0000-0000-0000-000000000000
missionExpansionVersion = 
saveMD5 = 
lastWriteTime = 637876005911385797
