vesselCount = 9
UT = 448468975.54443318
gameMode = CAREER
gameNull = False
kspVersion = 1.12.3
funds = 141930.14008268696
science = 6
reputationPercent = 60
ongoingContracts = 3
missionCurrentScore = 0
missionIsStarted = False
missionIsEnded = False
missionHistoryId = 00000000-0000-0000-0000-000000000000
missionExpansionVersion = 
saveMD5 = 
lastWriteTime = 637923981138548077
