vesselCount = 2
UT = 262964593.46395084
gameMode = CAREER
gameNull = False
kspVersion = 1.12.3
funds = 83649.665250740349
science = 5
reputationPercent = 40
ongoingContracts = 0
missionCurrentScore = 0
missionIsStarted = False
missionIsEnded = False
missionHistoryId = 00000000-0000-0000-0000-000000000000
missionExpansionVersion = 
saveMD5 = 
lastWriteTime = 637870083630270050
