vesselCount = 0
UT = 243299892.24382716
gameMode = CAREER
gameNull = False
kspVersion = 1.12.3
funds = 65636.703835862063
science = 13
reputationPercent = 24
ongoingContracts = 1
missionCurrentScore = 0
missionIsStarted = False
missionIsEnded = False
missionHistoryId = 00000000-0000-0000-0000-000000000000
missionExpansionVersion = 
saveMD5 = 
lastWriteTime = 637864169920069655
