vesselCount = 6
UT = 342558619.71539217
gameMode = CAREER
gameNull = False
kspVersion = 1.12.3
funds = 47151.156571183717
science = 7
reputationPercent = 47
ongoingContracts = 2
missionCurrentScore = 0
missionIsStarted = False
missionIsEnded = False
missionHistoryId = 00000000-0000-0000-0000-000000000000
missionExpansionVersion = 
saveMD5 = 
lastWriteTime = 637888418683995028
