vesselCount = 1
UT = 86738225.508679643
gameMode = CAREER
gameNull = False
kspVersion = 1.12.3
funds = 1424.6725357216217
science = 0
reputationPercent = 7
ongoingContracts = 2
missionCurrentScore = 0
missionIsStarted = False
missionIsEnded = False
missionHistoryId = 00000000-0000-0000-0000-000000000000
missionExpansionVersion = 
saveMD5 = 
lastWriteTime = 637852160856313280
