vesselCount = 0
UT = 17064124.292099927
gameMode = CAREER
gameNull = False
kspVersion = 1.12.3
funds = 17713.613134205505
science = 0
reputationPercent = 0
ongoingContracts = 1
missionCurrentScore = 0
missionIsStarted = False
missionIsEnded = False
missionHistoryId = 00000000-0000-0000-0000-000000000000
missionExpansionVersion = 
saveMD5 = 
lastWriteTime = 637851127425802578
