vesselCount = 0
UT = 128282165.36500783
gameMode = CAREER
gameNull = False
kspVersion = 1.12.3
funds = 3729.3378276215885
science = 6
reputationPercent = 12
ongoingContracts = 2
missionCurrentScore = 0
missionIsStarted = False
missionIsEnded = False
missionHistoryId = 00000000-0000-0000-0000-000000000000
missionExpansionVersion = 
saveMD5 = 
lastWriteTime = 637856120193256969
