vesselCount = 3
UT = 298160097.02413559
gameMode = CAREER
gameNull = False
kspVersion = 1.12.3
funds = 21197.283235288465
science = 7
reputationPercent = 45
ongoingContracts = 1
missionCurrentScore = 0
missionIsStarted = False
missionIsEnded = False
missionHistoryId = 00000000-0000-0000-0000-000000000000
missionExpansionVersion = 
saveMD5 = 
lastWriteTime = 637886430780937432
