vesselCount = 0
UT = 184092371.17159289
gameMode = CAREER
gameNull = False
kspVersion = 1.12.3
funds = 30845.354148804636
science = 4
reputationPercent = 18
ongoingContracts = 3
missionCurrentScore = 0
missionIsStarted = False
missionIsEnded = False
missionHistoryId = 00000000-0000-0000-0000-000000000000
missionExpansionVersion = 
saveMD5 = 
lastWriteTime = 637858185290527629
