vesselCount = 2
UT = 291349330.30860001
gameMode = CAREER
gameNull = False
kspVersion = 1.12.3
funds = 20215.646545059652
science = 5
reputationPercent = 40
ongoingContracts = 2
missionCurrentScore = 0
missionIsStarted = False
missionIsEnded = False
missionHistoryId = 00000000-0000-0000-0000-000000000000
missionExpansionVersion = 
saveMD5 = 
lastWriteTime = 637880778033524140
