vesselCount = 7
UT = 409622394.47120923
gameMode = CAREER
gameNull = False
kspVersion = 1.12.3
funds = 440425.82106143265
science = 2
reputationPercent = 53
ongoingContracts = 1
missionCurrentScore = 0
missionIsStarted = False
missionIsEnded = False
missionHistoryId = 00000000-0000-0000-0000-000000000000
missionExpansionVersion = 
saveMD5 = 
lastWriteTime = 637906360655750322
