vesselCount = 0
UT = 134918436.42008162
gameMode = CAREER
gameNull = False
kspVersion = 1.12.3
funds = 20786.9423692253
science = 0
reputationPercent = 12
ongoingContracts = 2
missionCurrentScore = 0
missionIsStarted = False
missionIsEnded = False
missionHistoryId = 00000000-0000-0000-0000-000000000000
missionExpansionVersion = 
saveMD5 = 
lastWriteTime = 637857044386780149
