vesselCount = 0
UT = 148484854.11598632
gameMode = CAREER
gameNull = False
kspVersion = 1.12.3
funds = 16961.185192362747
science = 3
reputationPercent = 12
ongoingContracts = 2
missionCurrentScore = 0
missionIsStarted = False
missionIsEnded = False
missionHistoryId = 00000000-0000-0000-0000-000000000000
missionExpansionVersion = 
saveMD5 = 
lastWriteTime = 637857908399607207
