vesselCount = 0
UT = 93831769.475044876
gameMode = CAREER
gameNull = False
kspVersion = 1.12.3
funds = 17928.63436983951
science = 4
reputationPercent = 10
ongoingContracts = 2
missionCurrentScore = 0
missionIsStarted = False
missionIsEnded = False
missionHistoryId = 00000000-0000-0000-0000-000000000000
missionExpansionVersion = 
saveMD5 = 
lastWriteTime = 637855619374147715
