vesselCount = 0
UT = 202153892.6387527
gameMode = CAREER
gameNull = False
kspVersion = 1.12.3
funds = 29155.822945042484
science = 5
reputationPercent = 18
ongoingContracts = 3
missionCurrentScore = 0
missionIsStarted = False
missionIsEnded = False
missionHistoryId = 00000000-0000-0000-0000-000000000000
missionExpansionVersion = 
saveMD5 = 
lastWriteTime = 637858785564042323
