vesselCount = 2
UT = 275658084.69674957
gameMode = CAREER
gameNull = False
kspVersion = 1.12.3
funds = 22679.375310175619
science = 5
reputationPercent = 40
ongoingContracts = 2
missionCurrentScore = 0
missionIsStarted = False
missionIsEnded = False
missionHistoryId = 00000000-0000-0000-0000-000000000000
missionExpansionVersion = 
saveMD5 = 
lastWriteTime = 637875334235756189
