vesselCount = 0
UT = 222907441.53885904
gameMode = CAREER
gameNull = False
kspVersion = 1.12.3
funds = 38167.179808166409
science = 13
reputationPercent = 26
ongoingContracts = 3
missionCurrentScore = 0
missionIsStarted = False
missionIsEnded = False
missionHistoryId = 00000000-0000-0000-0000-000000000000
missionExpansionVersion = 
saveMD5 = 
lastWriteTime = 637863965242088110
