vesselCount = 0
UT = 72799856.559023231
gameMode = CAREER
gameNull = False
kspVersion = 1.12.3
funds = 21261.455645201728
science = 0
reputationPercent = 5
ongoingContracts = 1
missionCurrentScore = 0
missionIsStarted = False
missionIsEnded = False
missionHistoryId = 00000000-0000-0000-0000-000000000000
missionExpansionVersion = 
saveMD5 = 
lastWriteTime = 637851924036393125
