vesselCount = 0
UT = 227449439.48588017
gameMode = CAREER
gameNull = False
kspVersion = 1.12.3
funds = 491503.63918175676
science = 13
reputationPercent = 24
ongoingContracts = 3
missionCurrentScore = 0
missionIsStarted = False
missionIsEnded = False
missionHistoryId = 00000000-0000-0000-0000-000000000000
missionExpansionVersion = 
saveMD5 = 
lastWriteTime = 637864011432417588
