vesselCount = 4
UT = 307891712.10600549
gameMode = CAREER
gameNull = False
kspVersion = 1.12.3
funds = 43746.548506975814
science = 7
reputationPercent = 46
ongoingContracts = 1
missionCurrentScore = 0
missionIsStarted = False
missionIsEnded = False
missionHistoryId = 00000000-0000-0000-0000-000000000000
missionExpansionVersion = 
saveMD5 = 
lastWriteTime = 637887278777761337
