vesselCount = 7
UT = 370786863.7465471
gameMode = CAREER
gameNull = False
kspVersion = 1.12.3
funds = 240053.49930596465
science = 16
reputationPercent = 52
ongoingContracts = 3
missionCurrentScore = 0
missionIsStarted = False
missionIsEnded = False
missionHistoryId = 00000000-0000-0000-0000-000000000000
missionExpansionVersion = 
saveMD5 = 
lastWriteTime = 637904583286685347
