vesselCount = 8
UT = 440363408.2783342
gameMode = CAREER
gameNull = False
kspVersion = 1.12.3
funds = 11763.607592972025
science = 1
reputationPercent = 58
ongoingContracts = 3
missionCurrentScore = 0
missionIsStarted = False
missionIsEnded = False
missionHistoryId = 00000000-0000-0000-0000-000000000000
missionExpansionVersion = 
saveMD5 = 
lastWriteTime = 637907373633499888
