vesselCount = 4
UT = 325562460.90159196
gameMode = CAREER
gameNull = False
kspVersion = 1.12.3
funds = 27302.017416359493
science = 10
reputationPercent = 47
ongoingContracts = 2
missionCurrentScore = 0
missionIsStarted = False
missionIsEnded = False
missionHistoryId = 00000000-0000-0000-0000-000000000000
missionExpansionVersion = 
saveMD5 = 
lastWriteTime = 637888125284592225
