vesselCount = 2
UT = 268686796.0439592
gameMode = CAREER
gameNull = False
kspVersion = 1.12.3
funds = 95282.466879665037
science = 5
reputationPercent = 40
ongoingContracts = 1
missionCurrentScore = 0
missionIsStarted = False
missionIsEnded = False
missionHistoryId = 00000000-0000-0000-0000-000000000000
missionExpansionVersion = 
saveMD5 = 
lastWriteTime = 637874620249817372
