vesselCount = 8
UT = 460302915.20672446
gameMode = CAREER
gameNull = False
kspVersion = 1.12.3
funds = 103675.06160862636
science = 4
reputationPercent = 65
ongoingContracts = 6
missionCurrentScore = 0
missionIsStarted = False
missionIsEnded = False
missionHistoryId = 00000000-0000-0000-0000-000000000000
missionExpansionVersion = 
saveMD5 = 
lastWriteTime = 637930908941336862
