vesselCount = 7
UT = 349113239.08057374
gameMode = CAREER
gameNull = False
kspVersion = 1.12.3
funds = 72027.980101335459
science = 20
reputationPercent = 48
ongoingContracts = 1
missionCurrentScore = 0
missionIsStarted = False
missionIsEnded = False
missionHistoryId = 00000000-0000-0000-0000-000000000000
missionExpansionVersion = 
saveMD5 = 
lastWriteTime = 637898582414965934
