vesselCount = 0
UT = 33598610.10113465
gameMode = CAREER
gameNull = False
kspVersion = 1.12.3
funds = 2580.1992964769242
science = 0
reputationPercent = 2
ongoingContracts = 1
missionCurrentScore = 0
missionIsStarted = False
missionIsEnded = False
missionHistoryId = 00000000-0000-0000-0000-000000000000
missionExpansionVersion = 
saveMD5 = 
lastWriteTime = 637851136400762291
