vesselCount = 0
UT = 162481017.15812305
gameMode = CAREER
gameNull = False
kspVersion = 1.12.3
funds = 88238.881800003466
science = 3
reputationPercent = 18
ongoingContracts = 1
missionCurrentScore = 0
missionIsStarted = False
missionIsEnded = False
missionHistoryId = 00000000-0000-0000-0000-000000000000
missionExpansionVersion = 
saveMD5 = 
lastWriteTime = 637857995029894083
