vesselCount = 0
UT = 189547313.14844093
gameMode = CAREER
gameNull = False
kspVersion = 1.12.3
funds = 53603.27979382989
science = 5
reputationPercent = 18
ongoingContracts = 3
missionCurrentScore = 0
missionIsStarted = False
missionIsEnded = False
missionHistoryId = 00000000-0000-0000-0000-000000000000
missionExpansionVersion = 
saveMD5 = 
lastWriteTime = 637858202519611904
