vesselCount = 0
UT = 170802500.7400803
gameMode = CAREER
gameNull = False
kspVersion = 1.12.3
funds = 44431.185276250013
science = 3
reputationPercent = 18
ongoingContracts = 1
missionCurrentScore = 0
missionIsStarted = False
missionIsEnded = False
missionHistoryId = 00000000-0000-0000-0000-000000000000
missionExpansionVersion = 
saveMD5 = 
lastWriteTime = 637858031100615907
