vesselCount = 0
UT = 207515651.95756966
gameMode = CAREER
gameNull = False
kspVersion = 1.12.3
funds = 23301.173059932509
science = 5
reputationPercent = 18
ongoingContracts = 3
missionCurrentScore = 0
missionIsStarted = False
missionIsEnded = False
missionHistoryId = 00000000-0000-0000-0000-000000000000
missionExpansionVersion = 
saveMD5 = 
lastWriteTime = 637858799537797287
