vesselCount = 7
UT = 365213814.82218277
gameMode = CAREER
gameNull = False
kspVersion = 1.12.3
funds = 105680.0108115363
science = 7
reputationPercent = 51
ongoingContracts = 2
missionCurrentScore = 0
missionIsStarted = False
missionIsEnded = False
missionHistoryId = 00000000-0000-0000-0000-000000000000
missionExpansionVersion = 
saveMD5 = 
lastWriteTime = 637900256680172905
