vesselCount = 9
UT = 453295453.79914582
gameMode = CAREER
gameNull = False
kspVersion = 1.12.3
funds = 63483.393493549047
science = 6
reputationPercent = 60
ongoingContracts = 3
missionCurrentScore = 0
missionIsStarted = False
missionIsEnded = False
missionHistoryId = 00000000-0000-0000-0000-000000000000
missionExpansionVersion = 
saveMD5 = 
lastWriteTime = 637930650578030723
