vesselCount = 0
UT = 141454021.57810551
gameMode = CAREER
gameNull = False
kspVersion = 1.12.3
funds = 13751.833500369587
science = 2
reputationPercent = 12
ongoingContracts = 2
missionCurrentScore = 0
missionIsStarted = False
missionIsEnded = False
missionHistoryId = 00000000-0000-0000-0000-000000000000
missionExpansionVersion = 
saveMD5 = 
lastWriteTime = 637857096122394910
