vesselCount = 7
UT = 415114306.92180598
gameMode = CAREER
gameNull = False
kspVersion = 1.12.3
funds = 623704.14385231445
science = 17
reputationPercent = 58
ongoingContracts = 0
missionCurrentScore = 0
missionIsStarted = False
missionIsEnded = False
missionHistoryId = 00000000-0000-0000-0000-000000000000
missionExpansionVersion = 
saveMD5 = 
lastWriteTime = 637906425136367302
