vesselCount = 0
UT = 79956636.706872046
gameMode = CAREER
gameNull = False
kspVersion = 1.12.3
funds = 9150.1621352738366
science = 4
reputationPercent = 7
ongoingContracts = 2
missionCurrentScore = 0
missionIsStarted = False
missionIsEnded = False
missionHistoryId = 00000000-0000-0000-0000-000000000000
missionExpansionVersion = 
saveMD5 = 
lastWriteTime = 637851949275287347
