vesselCount = 0
UT = 176062241.43637812
gameMode = CAREER
gameNull = False
kspVersion = 1.12.3
funds = 1150.554496743518
science = 4
reputationPercent = 18
ongoingContracts = 1
missionCurrentScore = 0
missionIsStarted = False
missionIsEnded = False
missionHistoryId = 00000000-0000-0000-0000-000000000000
missionExpansionVersion = 
saveMD5 = 
lastWriteTime = 637858040885155831
