vesselCount = 1
UT = 261238745.00256678
gameMode = CAREER
gameNull = False
kspVersion = 1.12.3
funds = 30626.068606090201
science = 5
reputationPercent = 35
ongoingContracts = 1
missionCurrentScore = 0
missionIsStarted = False
missionIsEnded = False
missionHistoryId = 00000000-0000-0000-0000-000000000000
missionExpansionVersion = 
saveMD5 = 
lastWriteTime = 637870066001649635
