vesselCount = 7
UT = 382293431.77304357
gameMode = CAREER
gameNull = False
kspVersion = 1.12.3
funds = 374454.05418116454
science = 17
reputationPercent = 52
ongoingContracts = 3
missionCurrentScore = 0
missionIsStarted = False
missionIsEnded = False
missionHistoryId = 00000000-0000-0000-0000-000000000000
missionExpansionVersion = 
saveMD5 = 
lastWriteTime = 637905559854790672
