vesselCount = 5
UT = 334889453.16678041
gameMode = CAREER
gameNull = False
kspVersion = 1.12.3
funds = 12206.969664090724
science = 10
reputationPercent = 47
ongoingContracts = 1
missionCurrentScore = 0
missionIsStarted = False
missionIsEnded = False
missionHistoryId = 00000000-0000-0000-0000-000000000000
missionExpansionVersion = 
saveMD5 = 
lastWriteTime = 637888342766932258
