vesselCount = 7
UT = 426949496.62099272
gameMode = CAREER
gameNull = False
kspVersion = 1.12.3
funds = 6875.1728465057377
science = 1
reputationPercent = 58
ongoingContracts = 3
missionCurrentScore = 0
missionIsStarted = False
missionIsEnded = False
missionHistoryId = 00000000-0000-0000-0000-000000000000
missionExpansionVersion = 
saveMD5 = 
lastWriteTime = 637918568718667098
