vesselCount = 4
UT = 299420326.08201301
gameMode = CAREER
gameNull = False
kspVersion = 1.12.3
funds = 19856.630922400655
science = 0
reputationPercent = 45
ongoingContracts = 1
missionCurrentScore = 0
missionIsStarted = False
missionIsEnded = False
missionHistoryId = 00000000-0000-0000-0000-000000000000
missionExpansionVersion = 
saveMD5 = 
lastWriteTime = 637886608033105975
