vesselCount = 10
UT = 444422891.79714537
gameMode = CAREER
gameNull = False
kspVersion = 1.12.3
funds = 53571.643145747301
science = 1
reputationPercent = 58
ongoingContracts = 3
missionCurrentScore = 0
missionIsStarted = False
missionIsEnded = False
missionHistoryId = 00000000-0000-0000-0000-000000000000
missionExpansionVersion = 
saveMD5 = 
lastWriteTime = 637923924246204922
