vesselCount = 4
UT = 299864678.21092051
gameMode = CAREER
gameNull = False
kspVersion = 1.12.3
funds = 32354.393468791659
science = 2
reputationPercent = 45
ongoingContracts = 2
missionCurrentScore = 0
missionIsStarted = False
missionIsEnded = False
missionHistoryId = 00000000-0000-0000-0000-000000000000
missionExpansionVersion = 
saveMD5 = 
lastWriteTime = 637886613710874436
