vesselCount = 4
UT = 315149685.28604263
gameMode = CAREER
gameNull = False
kspVersion = 1.12.3
funds = 40963.285809834051
science = 10
reputationPercent = 47
ongoingContracts = 3
missionCurrentScore = 0
missionIsStarted = False
missionIsEnded = False
missionHistoryId = 00000000-0000-0000-0000-000000000000
missionExpansionVersion = 
saveMD5 = 
lastWriteTime = 637888091117075015
