vesselCount = 3
UT = 292249266.75030273
gameMode = CAREER
gameNull = False
kspVersion = 1.12.3
funds = 23021.397071044947
science = 7
reputationPercent = 45
ongoingContracts = 1
missionCurrentScore = 0
missionIsStarted = False
missionIsEnded = False
missionHistoryId = 00000000-0000-0000-0000-000000000000
missionExpansionVersion = 
saveMD5 = 
lastWriteTime = 637882097727452787
