vesselCount = 4
UT = 308404966.53644866
gameMode = CAREER
gameNull = False
kspVersion = 1.12.3
funds = 23514.491037581451
science = 7
reputationPercent = 46
ongoingContracts = 1
missionCurrentScore = 0
missionIsStarted = False
missionIsEnded = False
missionHistoryId = 00000000-0000-0000-0000-000000000000
missionExpansionVersion = 
saveMD5 = 
lastWriteTime = 637887296098410186
