vesselCount = 2
UT = 283781785.44861317
gameMode = CAREER
gameNull = False
kspVersion = 1.12.3
funds = 22136.677028805938
science = 5
reputationPercent = 40
ongoingContracts = 2
missionCurrentScore = 0
missionIsStarted = False
missionIsEnded = False
missionHistoryId = 00000000-0000-0000-0000-000000000000
missionExpansionVersion = 
saveMD5 = 
lastWriteTime = 637880777273974886
