vesselCount = 0
UT = 217191330.05497366
gameMode = CAREER
gameNull = False
kspVersion = 1.12.3
funds = 22136.73967800249
science = 13
reputationPercent = 26
ongoingContracts = 2
missionCurrentScore = 0
missionIsStarted = False
missionIsEnded = False
missionHistoryId = 00000000-0000-0000-0000-000000000000
missionExpansionVersion = 
saveMD5 = 
lastWriteTime = 637859197092351468
