vesselCount = 0
UT = 177956674.27516803
gameMode = CAREER
gameNull = False
kspVersion = 1.12.3
funds = 85179.243288787038
science = 4
reputationPercent = 18
ongoingContracts = 3
missionCurrentScore = 0
missionIsStarted = False
missionIsEnded = False
missionHistoryId = 00000000-0000-0000-0000-000000000000
missionExpansionVersion = 
saveMD5 = 
lastWriteTime = 637858058587007912
