vesselCount = 0
UT = 215524759.93625799
gameMode = CAREER
gameNull = False
kspVersion = 1.12.3
funds = 36628.90953758535
science = 8
reputationPercent = 23
ongoingContracts = 3
missionCurrentScore = 0
missionIsStarted = False
missionIsEnded = False
missionHistoryId = 00000000-0000-0000-0000-000000000000
missionExpansionVersion = 
saveMD5 = 
lastWriteTime = 637859055706140228
