vesselCount = 0
UT = 87048750.735051826
gameMode = CAREER
gameNull = False
kspVersion = 1.12.3
funds = 18990.537007110259
science = 4
reputationPercent = 10
ongoingContracts = 2
missionCurrentScore = 0
missionIsStarted = False
missionIsEnded = False
missionHistoryId = 00000000-0000-0000-0000-000000000000
missionExpansionVersion = 
saveMD5 = 
lastWriteTime = 637852203587876052
