vesselCount = 7
UT = 357132783.55604208
gameMode = CAREER
gameNull = False
kspVersion = 1.12.3
funds = 260067.24497109323
science = 7
reputationPercent = 51
ongoingContracts = 2
missionCurrentScore = 0
missionIsStarted = False
missionIsEnded = False
missionHistoryId = 00000000-0000-0000-0000-000000000000
missionExpansionVersion = 
saveMD5 = 
lastWriteTime = 637899492327242683
