vesselCount = 0
UT = 61994764.742140502
gameMode = CAREER
gameNull = False
kspVersion = 1.12.3
funds = 14296.937730677739
science = 1
reputationPercent = 5
ongoingContracts = 0
missionCurrentScore = 0
missionIsStarted = False
missionIsEnded = False
missionHistoryId = 00000000-0000-0000-0000-000000000000
missionExpansionVersion = 
saveMD5 = 
lastWriteTime = 637851888220946481
