vesselCount = 8
UT = 351433731.47878766
gameMode = CAREER
gameNull = False
kspVersion = 1.12.3
funds = 221451.68310556581
science = 5
reputationPercent = 51
ongoingContracts = 0
missionCurrentScore = 0
missionIsStarted = False
missionIsEnded = False
missionHistoryId = 00000000-0000-0000-0000-000000000000
missionExpansionVersion = 
saveMD5 = 
lastWriteTime = 637898608991280639
