vesselCount = 0
UT = 223160077.53887191
gameMode = CAREER
gameNull = False
kspVersion = 1.12.3
funds = 37618.568733008513
science = 13
reputationPercent = 26
ongoingContracts = 3
missionCurrentScore = 0
missionIsStarted = False
missionIsEnded = False
missionHistoryId = 00000000-0000-0000-0000-000000000000
missionExpansionVersion = 
saveMD5 = 
lastWriteTime = 637863965524389209
