vesselCount = 7
UT = 342990545.40367079
gameMode = CAREER
gameNull = False
kspVersion = 1.12.3
funds = 74703.992314662639
science = 12
reputationPercent = 48
ongoingContracts = 1
missionCurrentScore = 0
missionIsStarted = False
missionIsEnded = False
missionHistoryId = 00000000-0000-0000-0000-000000000000
missionExpansionVersion = 
saveMD5 = 
lastWriteTime = 637888434356908240
