vesselCount = 0
UT = 121669600.42501014
gameMode = CAREER
gameNull = False
kspVersion = 1.12.3
funds = 4668.9932879344105
science = 6
reputationPercent = 12
ongoingContracts = 2
missionCurrentScore = 0
missionIsStarted = False
missionIsEnded = False
missionHistoryId = 00000000-0000-0000-0000-000000000000
missionExpansionVersion = 
saveMD5 = 
lastWriteTime = 637856119753662604
