vesselCount = 7
UT = 371321145.39313233
gameMode = CAREER
gameNull = False
kspVersion = 1.12.3
funds = 357765.42397535534
science = 17
reputationPercent = 52
ongoingContracts = 2
missionCurrentScore = 0
missionIsStarted = False
missionIsEnded = False
missionHistoryId = 00000000-0000-0000-0000-000000000000
missionExpansionVersion = 
saveMD5 = 
lastWriteTime = 637904655275469475
