vesselCount = 0
UT = 251818106.49963266
gameMode = CAREER
gameNull = False
kspVersion = 1.12.3
funds = 55044.12144818985
science = 2
reputationPercent = 24
ongoingContracts = 1
missionCurrentScore = 0
missionIsStarted = False
missionIsEnded = False
missionHistoryId = 00000000-0000-0000-0000-000000000000
missionExpansionVersion = 
saveMD5 = 
lastWriteTime = 637869045309344090
