vesselCount = 4
UT = 317391991.76186836
gameMode = CAREER
gameNull = False
kspVersion = 1.12.3
funds = 9459.6092343810269
science = 10
reputationPercent = 47
ongoingContracts = 3
missionCurrentScore = 0
missionIsStarted = False
missionIsEnded = False
missionHistoryId = 00000000-0000-0000-0000-000000000000
missionExpansionVersion = 
saveMD5 = 
lastWriteTime = 637888121943001514
