vesselCount = 4
UT = 308406434.91626978
gameMode = CAREER
gameNull = False
kspVersion = 1.12.3
funds = 35994.491037581451
science = 7
reputationPercent = 46
ongoingContracts = 2
missionCurrentScore = 0
missionIsStarted = False
missionIsEnded = False
missionHistoryId = 00000000-0000-0000-0000-000000000000
missionExpansionVersion = 
saveMD5 = 
lastWriteTime = 637887349437632033
