vesselCount = 2
UT = 276698220.17574644
gameMode = CAREER
gameNull = False
kspVersion = 1.12.3
funds = 21610.944465255812
science = 5
reputationPercent = 40
ongoingContracts = 1
missionCurrentScore = 0
missionIsStarted = False
missionIsEnded = False
missionHistoryId = 00000000-0000-0000-0000-000000000000
missionExpansionVersion = 
saveMD5 = 
lastWriteTime = 637875994447539359
