vesselCount = 0
UT = 128468239.2354722
gameMode = CAREER
gameNull = False
kspVersion = 1.12.3
funds = 21922.014534614842
science = 0
reputationPercent = 12
ongoingContracts = 1
missionCurrentScore = 0
missionIsStarted = False
missionIsEnded = False
missionHistoryId = 00000000-0000-0000-0000-000000000000
missionExpansionVersion = 
saveMD5 = 
lastWriteTime = 637856126440630727
