vesselCount = 0
UT = 184308869.46843711
gameMode = CAREER
gameNull = False
kspVersion = 1.12.3
funds = 54584.820411209665
science = 5
reputationPercent = 18
ongoingContracts = 3
missionCurrentScore = 0
missionIsStarted = False
missionIsEnded = False
missionHistoryId = 00000000-0000-0000-0000-000000000000
missionExpansionVersion = 
saveMD5 = 
lastWriteTime = 637858202271157898
