vesselCount = 0
UT = 208441878.08161473
gameMode = CAREER
gameNull = False
kspVersion = 1.12.3
funds = 27859.347611567653
science = 15
reputationPercent = 23
ongoingContracts = 3
missionCurrentScore = 0
missionIsStarted = False
missionIsEnded = False
missionHistoryId = 00000000-0000-0000-0000-000000000000
missionExpansionVersion = 
saveMD5 = 
lastWriteTime = 637859033441494484
