vesselCount = 0
UT = 151848231.9259485
gameMode = CAREER
gameNull = False
kspVersion = 1.12.3
funds = 38847.257548950911
science = 3
reputationPercent = 12
ongoingContracts = 2
missionCurrentScore = 0
missionIsStarted = False
missionIsEnded = False
missionHistoryId = 00000000-0000-0000-0000-000000000000
missionExpansionVersion = 
saveMD5 = 
lastWriteTime = 637857921447393531
