vesselCount = 4
UT = 307553247.42036879
gameMode = CAREER
gameNull = False
kspVersion = 1.12.3
funds = 32304.216960205136
science = 7
reputationPercent = 45
ongoingContracts = 2
missionCurrentScore = 0
missionIsStarted = False
missionIsEnded = False
missionHistoryId = 00000000-0000-0000-0000-000000000000
missionExpansionVersion = 
saveMD5 = 
lastWriteTime = 637886671705228074
