vesselCount = 0
UT = 33752361.632851638
gameMode = CAREER
gameNull = False
kspVersion = 1.12.3
funds = 4806.7349955477312
science = 0
reputationPercent = 2
ongoingContracts = 2
missionCurrentScore = 0
missionIsStarted = False
missionIsEnded = False
missionHistoryId = 00000000-0000-0000-0000-000000000000
missionExpansionVersion = 
saveMD5 = 
lastWriteTime = 637851151452103060
