vesselCount = 1
UT = 251826170.14606592
gameMode = CAREER
gameNull = False
kspVersion = 1.12.3
funds = 151428.85402374962
science = 9
reputationPercent = 35
ongoingContracts = 0
missionCurrentScore = 0
missionIsStarted = False
missionIsEnded = False
missionHistoryId = 00000000-0000-0000-0000-000000000000
missionExpansionVersion = 
saveMD5 = 
lastWriteTime = 637869082255711906
