vesselCount = 0
UT = 73088792.202503368
gameMode = CAREER
gameNull = False
kspVersion = 1.12.3
funds = 7568.3310235122917
science = 4
reputationPercent = 7
ongoingContracts = 1
missionCurrentScore = 0
missionIsStarted = False
missionIsEnded = False
missionHistoryId = 00000000-0000-0000-0000-000000000000
missionExpansionVersion = 
saveMD5 = 
lastWriteTime = 637851940677712458
