vesselCount = 1
UT = 79965804.128697202
gameMode = CAREER
gameNull = False
kspVersion = 1.12.3
funds = 2290.283613835265
science = 15
reputationPercent = 7
ongoingContracts = 2
missionCurrentScore = 0
missionIsStarted = False
missionIsEnded = False
missionHistoryId = 00000000-0000-0000-0000-000000000000
missionExpansionVersion = 
saveMD5 = 
lastWriteTime = 637851960156161297
