vesselCount = 7
UT = 354232570.31732285
gameMode = CAREER
gameNull = False
kspVersion = 1.12.3
funds = 261356.51816496952
science = 7
reputationPercent = 51
ongoingContracts = 2
missionCurrentScore = 0
missionIsStarted = False
missionIsEnded = False
missionHistoryId = 00000000-0000-0000-0000-000000000000
missionExpansionVersion = 
saveMD5 = 
lastWriteTime = 637899482360223901
