vesselCount = 9
UT = 435237239.95952022
gameMode = CAREER
gameNull = False
kspVersion = 1.12.3
funds = 6169.4577986989098
science = 1
reputationPercent = 58
ongoingContracts = 3
missionCurrentScore = 0
missionIsStarted = False
missionIsEnded = False
missionHistoryId = 00000000-0000-0000-0000-000000000000
missionExpansionVersion = 
saveMD5 = 
lastWriteTime = 637918568718657094
