vesselCount = 0
UT = 193014248.74101648
gameMode = CAREER
gameNull = False
kspVersion = 1.12.3
funds = 66186.826606150833
science = 5
reputationPercent = 18
ongoingContracts = 2
missionCurrentScore = 0
missionIsStarted = False
missionIsEnded = False
missionHistoryId = 00000000-0000-0000-0000-000000000000
missionExpansionVersion = 
saveMD5 = 
lastWriteTime = 637858236909057106
