vesselCount = 0
UT = 207663757.66020745
gameMode = CAREER
gameNull = False
kspVersion = 1.12.3
funds = 66312.991482024459
science = 10
reputationPercent = 20
ongoingContracts = 3
missionCurrentScore = 0
missionIsStarted = False
missionIsEnded = False
missionHistoryId = 00000000-0000-0000-0000-000000000000
missionExpansionVersion = 
saveMD5 = 
lastWriteTime = 637858832696799297
