vesselCount = 0
UT = 141655113.89409575
gameMode = CAREER
gameNull = False
kspVersion = 1.12.3
funds = 27141.391761018924
science = 3
reputationPercent = 12
ongoingContracts = 1
missionCurrentScore = 0
missionIsStarted = False
missionIsEnded = False
missionHistoryId = 00000000-0000-0000-0000-000000000000
missionExpansionVersion = 
saveMD5 = 
lastWriteTime = 637857103253273947
