vesselCount = 7
UT = 399896469.14122558
gameMode = CAREER
gameNull = False
kspVersion = 1.12.3
funds = 480891.96012345853
science = 2
reputationPercent = 54
ongoingContracts = 2
missionCurrentScore = 0
missionIsStarted = False
missionIsEnded = False
missionHistoryId = 00000000-0000-0000-0000-000000000000
missionExpansionVersion = 
saveMD5 = 
lastWriteTime = 637906360356298156
