vesselCount = 0
UT = 64589388.479026996
gameMode = CAREER
gameNull = False
kspVersion = 1.12.3
funds = 14032.863784845264
science = 0
reputationPercent = 5
ongoingContracts = 0
missionCurrentScore = 0
missionIsStarted = False
missionIsEnded = False
missionHistoryId = 00000000-0000-0000-0000-000000000000
missionExpansionVersion = 
saveMD5 = 
lastWriteTime = 637851923365070779
