vesselCount = 0
UT = 93876342.530872554
gameMode = CAREER
gameNull = False
kspVersion = 1.12.3
funds = 18110.645658193269
science = 7
reputationPercent = 10
ongoingContracts = 2
missionCurrentScore = 0
missionIsStarted = False
missionIsEnded = False
missionHistoryId = 00000000-0000-0000-0000-000000000000
missionExpansionVersion = 
saveMD5 = 
lastWriteTime = 637855634109541375
