vesselCount = 9
UT = 455151945.78023744
gameMode = CAREER
gameNull = False
kspVersion = 1.12.3
funds = 63140.339496786684
science = 1
reputationPercent = 63
ongoingContracts = 4
missionCurrentScore = 0
missionIsStarted = False
missionIsEnded = False
missionHistoryId = 00000000-0000-0000-0000-000000000000
missionExpansionVersion = 
saveMD5 = 
lastWriteTime = 637930706484605930
