vesselCount = 2
UT = 276696412.1081686
gameMode = CAREER
gameNull = False
kspVersion = 1.12.3
funds = 27071.963114385231
science = 5
reputationPercent = 40
ongoingContracts = 1
missionCurrentScore = 0
missionIsStarted = False
missionIsEnded = False
missionHistoryId = 00000000-0000-0000-0000-000000000000
missionExpansionVersion = 
saveMD5 = 
lastWriteTime = 637875347886829788
