vesselCount = 9
UT = 448471342.87928605
gameMode = CAREER
gameNull = False
kspVersion = 1.12.3
funds = 69441.060546771216
science = 6
reputationPercent = 60
ongoingContracts = 3
missionCurrentScore = 0
missionIsStarted = False
missionIsEnded = False
missionHistoryId = 00000000-0000-0000-0000-000000000000
missionExpansionVersion = 
saveMD5 = 
lastWriteTime = 637929617305882936
