vesselCount = 7
UT = 357136330.90184975
gameMode = CAREER
gameNull = False
kspVersion = 1.12.3
funds = 260065.61424806228
science = 7
reputationPercent = 51
ongoingContracts = 2
missionCurrentScore = 0
missionIsStarted = False
missionIsEnded = False
missionHistoryId = 00000000-0000-0000-0000-000000000000
missionExpansionVersion = 
saveMD5 = 
lastWriteTime = 637899541335959424
