vesselCount = 7
UT = 365864044.92928809
gameMode = CAREER
gameNull = False
kspVersion = 1.12.3
funds = 243274.19033024798
science = 14
reputationPercent = 52
ongoingContracts = 3
missionCurrentScore = 0
missionIsStarted = False
missionIsEnded = False
missionHistoryId = 00000000-0000-0000-0000-000000000000
missionExpansionVersion = 
saveMD5 = 
lastWriteTime = 637900358775185325
