vesselCount = 0
UT = 50589324.359324619
gameMode = CAREER
gameNull = False
kspVersion = 1.12.3
funds = 2200.8175117205383
science = 3
reputationPercent = 2
ongoingContracts = 1
missionCurrentScore = 0
missionIsStarted = False
missionIsEnded = False
missionHistoryId = 00000000-0000-0000-0000-000000000000
missionExpansionVersion = 
saveMD5 = 
lastWriteTime = 637851159105782569
