vesselCount = 7
UT = 415656214.65908813
gameMode = CAREER
gameNull = False
kspVersion = 1.12.3
funds = 10287.932279395522
science = 1
reputationPercent = 58
ongoingContracts = 2
missionCurrentScore = 0
missionIsStarted = False
missionIsEnded = False
missionHistoryId = 00000000-0000-0000-0000-000000000000
missionExpansionVersion = 
saveMD5 = 
lastWriteTime = 637906456121433415
