vesselCount = 8
UT = 351867259.54359049
gameMode = CAREER
gameNull = False
kspVersion = 1.12.3
funds = 262428.21771176113
science = 6
reputationPercent = 51
ongoingContracts = 2
missionCurrentScore = 0
missionIsStarted = False
missionIsEnded = False
missionHistoryId = 00000000-0000-0000-0000-000000000000
missionExpansionVersion = 
saveMD5 = 
lastWriteTime = 637898859510330113
