vesselCount = 0
UT = 227625665.67678899
gameMode = CAREER
gameNull = False
kspVersion = 1.12.3
funds = 508120.16254546924
science = 13
reputationPercent = 24
ongoingContracts = 2
missionCurrentScore = 0
missionIsStarted = False
missionIsEnded = False
missionHistoryId = 00000000-0000-0000-0000-000000000000
missionExpansionVersion = 
saveMD5 = 
lastWriteTime = 637864016581582434
