vesselCount = 4
UT = 301872155.1157909
gameMode = CAREER
gameNull = False
kspVersion = 1.12.3
funds = 34164.155080753502
science = 7
reputationPercent = 45
ongoingContracts = 2
missionCurrentScore = 0
missionIsStarted = False
missionIsEnded = False
missionHistoryId = 00000000-0000-0000-0000-000000000000
missionExpansionVersion = 
saveMD5 = 
lastWriteTime = 637886636763410088
