vesselCount = 6
UT = 336696098.10096443
gameMode = CAREER
gameNull = False
kspVersion = 1.12.3
funds = 35311.64149294165
science = 3
reputationPercent = 47
ongoingContracts = 1
missionCurrentScore = 0
missionIsStarted = False
missionIsEnded = False
missionHistoryId = 00000000-0000-0000-0000-000000000000
missionExpansionVersion = 
saveMD5 = 
lastWriteTime = 637888410419490321
