vesselCount = 1
UT = 251826921.50884604
gameMode = CAREER
gameNull = False
kspVersion = 1.12.3
funds = 50309.484228267422
science = 5
reputationPercent = 35
ongoingContracts = 1
missionCurrentScore = 0
missionIsStarted = False
missionIsEnded = False
missionHistoryId = 00000000-0000-0000-0000-000000000000
missionExpansionVersion = 
saveMD5 = 
lastWriteTime = 637870050256693563
