vesselCount = 3
UT = 292201998.11779004
gameMode = CAREER
gameNull = False
kspVersion = 1.12.3
funds = 27423.099709785813
science = 6
reputationPercent = 45
ongoingContracts = 1
missionCurrentScore = 0
missionIsStarted = False
missionIsEnded = False
missionHistoryId = 00000000-0000-0000-0000-000000000000
missionExpansionVersion = 
saveMD5 = 
lastWriteTime = 637880798391657920
