vesselCount = 7
UT = 384871889.83907872
gameMode = CAREER
gameNull = False
kspVersion = 1.12.3
funds = 480126.23041559733
science = 21
reputationPercent = 53
ongoingContracts = 3
missionCurrentScore = 0
missionIsStarted = False
missionIsEnded = False
missionHistoryId = 00000000-0000-0000-0000-000000000000
missionExpansionVersion = 
saveMD5 = 
lastWriteTime = 637905713959724053
