vesselCount = 0
UT = 216577373.17271855
gameMode = CAREER
gameNull = False
kspVersion = 1.12.3
funds = 23570.042526702237
science = 11
reputationPercent = 26
ongoingContracts = 2
missionCurrentScore = 0
missionIsStarted = False
missionIsEnded = False
missionHistoryId = 00000000-0000-0000-0000-000000000000
missionExpansionVersion = 
saveMD5 = 
lastWriteTime = 637859104344541066
