vesselCount = 7
UT = 365518234.18458152
gameMode = CAREER
gameNull = False
kspVersion = 1.12.3
funds = 328178.84457569092
science = 7
reputationPercent = 52
ongoingContracts = 3
missionCurrentScore = 0
missionIsStarted = False
missionIsEnded = False
missionHistoryId = 00000000-0000-0000-0000-000000000000
missionExpansionVersion = 
saveMD5 = 
lastWriteTime = 637900320676182261
