vesselCount = 9
UT = 441287561.91919941
gameMode = CAREER
gameNull = False
kspVersion = 1.12.3
funds = 88446.208579609083
science = 1
reputationPercent = 58
ongoingContracts = 1
missionCurrentScore = 0
missionIsStarted = False
missionIsEnded = False
missionHistoryId = 00000000-0000-0000-0000-000000000000
missionExpansionVersion = 
saveMD5 = 
lastWriteTime = 637907379412426351
