vesselCount = 9
UT = 441288263.37294972
gameMode = CAREER
gameNull = False
kspVersion = 1.12.3
funds = 28448.208579609083
science = 1
reputationPercent = 58
ongoingContracts = 1
missionCurrentScore = 0
missionIsStarted = False
missionIsEnded = False
missionHistoryId = 00000000-0000-0000-0000-000000000000
missionExpansionVersion = 
saveMD5 = 
lastWriteTime = 637907396295039202
