vesselCount = 0
UT = 207776114.08386618
gameMode = CAREER
gameNull = False
kspVersion = 1.12.3
funds = 23279.248434476554
science = 15
reputationPercent = 23
ongoingContracts = 2
missionCurrentScore = 0
missionIsStarted = False
missionIsEnded = False
missionHistoryId = 00000000-0000-0000-0000-000000000000
missionExpansionVersion = 
saveMD5 = 
lastWriteTime = 637859018030691423
