vesselCount = 7
UT = 383333971.76442266
gameMode = CAREER
gameNull = False
kspVersion = 1.12.3
funds = 448547.26500439877
science = 17
reputationPercent = 52
ongoingContracts = 3
missionCurrentScore = 0
missionIsStarted = False
missionIsEnded = False
missionHistoryId = 00000000-0000-0000-0000-000000000000
missionExpansionVersion = 
saveMD5 = 
lastWriteTime = 637905654831243248
