vesselCount = 7
UT = 365517323.8804757
gameMode = CAREER
gameNull = False
kspVersion = 1.12.3
funds = 136178.84457569092
science = 7
reputationPercent = 52
ongoingContracts = 2
missionCurrentScore = 0
missionIsStarted = False
missionIsEnded = False
missionHistoryId = 00000000-0000-0000-0000-000000000000
missionExpansionVersion = 
saveMD5 = 
lastWriteTime = 637900285846275256
