vesselCount = 0
UT = 223216133.04368821
gameMode = CAREER
gameNull = False
kspVersion = 1.12.3
funds = 6416.4809470379787
science = 13
reputationPercent = 26
ongoingContracts = 3
missionCurrentScore = 0
missionIsStarted = False
missionIsEnded = False
missionHistoryId = 00000000-0000-0000-0000-000000000000
missionExpansionVersion = 
saveMD5 = 
lastWriteTime = 637864009145371119
