vesselCount = 0
UT = 177957185.71452761
gameMode = CAREER
gameNull = False
kspVersion = 1.12.3
funds = 111976.38156416029
science = 4
reputationPercent = 18
ongoingContracts = 3
missionCurrentScore = 0
missionIsStarted = False
missionIsEnded = False
missionHistoryId = 00000000-0000-0000-0000-000000000000
missionExpansionVersion = 
saveMD5 = 
lastWriteTime = 637858182043734801
