vesselCount = 9
UT = 453769924.20854092
gameMode = CAREER
gameNull = False
kspVersion = 1.12.3
funds = 61080.376259706711
science = 21
reputationPercent = 63
ongoingContracts = 3
missionCurrentScore = 0
missionIsStarted = False
missionIsEnded = False
missionHistoryId = 00000000-0000-0000-0000-000000000000
missionExpansionVersion = 
saveMD5 = 
lastWriteTime = 637930681847424101
