vesselCount = 5
UT = 326117544.50692284
gameMode = CAREER
gameNull = False
kspVersion = 1.12.3
funds = 41499.442376434068
science = 10
reputationPercent = 47
ongoingContracts = 1
missionCurrentScore = 0
missionIsStarted = False
missionIsEnded = False
missionHistoryId = 00000000-0000-0000-0000-000000000000
missionExpansionVersion = 
saveMD5 = 
lastWriteTime = 637888179175943866
