vesselCount = 0
UT = 128468616.32009831
gameMode = CAREER
gameNull = False
kspVersion = 1.12.3
funds = 21703.518470969226
science = 0
reputationPercent = 12
ongoingContracts = 2
missionCurrentScore = 0
missionIsStarted = False
missionIsEnded = False
missionHistoryId = 00000000-0000-0000-0000-000000000000
missionExpansionVersion = 
saveMD5 = 
lastWriteTime = 637857042840044314
