vesselCount = 0
UT = 244996793.05962342
gameMode = CAREER
gameNull = False
kspVersion = 1.12.3
funds = 56932.497838330426
science = 2
reputationPercent = 24
ongoingContracts = 1
missionCurrentScore = 0
missionIsStarted = False
missionIsEnded = False
missionHistoryId = 00000000-0000-0000-0000-000000000000
missionExpansionVersion = 
saveMD5 = 
lastWriteTime = 637864192602990660
