vesselCount = 0
UT = 101222257.33195131
gameMode = CAREER
gameNull = False
kspVersion = 1.12.3
funds = 13365.580843182601
science = 10
reputationPercent = 11
ongoingContracts = 2
missionCurrentScore = 0
missionIsStarted = False
missionIsEnded = False
missionHistoryId = 00000000-0000-0000-0000-000000000000
missionExpansionVersion = 
saveMD5 = 
lastWriteTime = 637855646382720258
