vesselCount = 10
UT = 448466578.65919012
gameMode = CAREER
gameNull = False
kspVersion = 1.12.3
funds = 140872.95045390708
science = 4
reputationPercent = 60
ongoingContracts = 3
missionCurrentScore = 0
missionIsStarted = False
missionIsEnded = False
missionHistoryId = 00000000-0000-0000-0000-000000000000
missionExpansionVersion = 
saveMD5 = 
lastWriteTime = 637923975621791628
