vesselCount = 0
UT = 218299304.57647094
gameMode = CAREER
gameNull = False
kspVersion = 1.12.3
funds = 19417.221327396401
science = 13
reputationPercent = 26
ongoingContracts = 2
missionCurrentScore = 0
missionIsStarted = False
missionIsEnded = False
missionHistoryId = 00000000-0000-0000-0000-000000000000
missionExpansionVersion = 
saveMD5 = 
lastWriteTime = 637863944876014586
