vesselCount = 8
UT = 383332351.34687603
gameMode = CAREER
gameNull = False
kspVersion = 1.12.3
funds = 373899.37730908627
science = 17
reputationPercent = 52
ongoingContracts = 3
missionCurrentScore = 0
missionIsStarted = False
missionIsEnded = False
missionHistoryId = 00000000-0000-0000-0000-000000000000
missionExpansionVersion = 
saveMD5 = 
lastWriteTime = 637905634921514865
