vesselCount = 9
UT = 455153619.37080115
gameMode = CAREER
gameNull = False
kspVersion = 1.12.3
funds = 72508.312729984027
science = 4
reputationPercent = 63
ongoingContracts = 3
missionCurrentScore = 0
missionIsStarted = False
missionIsEnded = False
missionHistoryId = 00000000-0000-0000-0000-000000000000
missionExpansionVersion = 
saveMD5 = 
lastWriteTime = 637930759336694717
