vesselCount = 2
UT = 271255991.51684976
gameMode = CAREER
gameNull = False
kspVersion = 1.12.3
funds = 63774.396620955056
science = 5
reputationPercent = 40
ongoingContracts = 2
missionCurrentScore = 0
missionIsStarted = False
missionIsEnded = False
missionHistoryId = 00000000-0000-0000-0000-000000000000
missionExpansionVersion = 
saveMD5 = 
lastWriteTime = 637875333019098878
