vesselCount = 4
UT = 309183735.89128751
gameMode = CAREER
gameNull = False
kspVersion = 1.12.3
funds = 23658.354028857288
science = 10
reputationPercent = 46
ongoingContracts = 2
missionCurrentScore = 0
missionIsStarted = False
missionIsEnded = False
missionHistoryId = 00000000-0000-0000-0000-000000000000
missionExpansionVersion = 
saveMD5 = 
lastWriteTime = 637887570104906280
