vesselCount = 0
UT = 217167940.02041271
gameMode = CAREER
gameNull = False
kspVersion = 1.12.3
funds = 22223.519331106072
science = 11
reputationPercent = 26
ongoingContracts = 2
missionCurrentScore = 0
missionIsStarted = False
missionIsEnded = False
missionHistoryId = 00000000-0000-0000-0000-000000000000
missionExpansionVersion = 
saveMD5 = 
lastWriteTime = 637859164438489214
