vesselCount = 0
UT = 214989946.19848958
gameMode = CAREER
gameNull = False
kspVersion = 1.12.3
funds = 37569.27021885787
science = 8
reputationPercent = 23
ongoingContracts = 3
missionCurrentScore = 0
missionIsStarted = False
missionIsEnded = False
missionHistoryId = 00000000-0000-0000-0000-000000000000
missionExpansionVersion = 
saveMD5 = 
lastWriteTime = 637859055217535087
