vesselCount = 7
UT = 415655478.44231701
gameMode = CAREER
gameNull = False
kspVersion = 1.12.3
funds = 639688.50259189552
science = 1
reputationPercent = 58
ongoingContracts = 1
missionCurrentScore = 0
missionIsStarted = False
missionIsEnded = False
missionHistoryId = 00000000-0000-0000-0000-000000000000
missionExpansionVersion = 
saveMD5 = 
lastWriteTime = 637906447821433074
