vesselCount = 3
UT = 292249106.46425587
gameMode = CAREER
gameNull = False
kspVersion = 1.12.3
funds = 22320.525244873072
science = 6
reputationPercent = 45
ongoingContracts = 1
missionCurrentScore = 0
missionIsStarted = False
missionIsEnded = False
missionHistoryId = 00000000-0000-0000-0000-000000000000
missionExpansionVersion = 
saveMD5 = 
lastWriteTime = 637882054044915747
