vesselCount = 2
UT = 269095228.53500444
gameMode = CAREER
gameNull = False
kspVersion = 1.12.3
funds = 90271.226365895214
science = 5
reputationPercent = 40
ongoingContracts = 1
missionCurrentScore = 0
missionIsStarted = False
missionIsEnded = False
missionHistoryId = 00000000-0000-0000-0000-000000000000
missionExpansionVersion = 
saveMD5 = 
lastWriteTime = 637874631032898501
