vesselCount = 8
UT = 415653819.33718234
gameMode = CAREER
gameNull = False
kspVersion = 1.12.3
funds = 623014.96240537777
science = 17
reputationPercent = 58
ongoingContracts = 0
missionCurrentScore = 0
missionIsStarted = False
missionIsEnded = False
missionHistoryId = 00000000-0000-0000-0000-000000000000
missionExpansionVersion = 
saveMD5 = 
lastWriteTime = 637906437274931540
