vesselCount = 0
UT = 79964467.696305171
gameMode = CAREER
gameNull = False
kspVersion = 1.12.3
funds = 9149.1567668996286
science = 4
reputationPercent = 7
ongoingContracts = 2
missionCurrentScore = 0
missionIsStarted = False
missionIsEnded = False
missionHistoryId = 00000000-0000-0000-0000-000000000000
missionExpansionVersion = 
saveMD5 = 
lastWriteTime = 637851949505163094
