vesselCount = 0
UT = 209311955.31841055
gameMode = CAREER
gameNull = False
kspVersion = 1.12.3
funds = 38719.814011412716
science = 8
reputationPercent = 23
ongoingContracts = 3
missionCurrentScore = 0
missionIsStarted = False
missionIsEnded = False
missionHistoryId = 00000000-0000-0000-0000-000000000000
missionExpansionVersion = 
saveMD5 = 
lastWriteTime = 637859053683210330
