vesselCount = 4
UT = 309271339.53162682
gameMode = CAREER
gameNull = False
kspVersion = 1.12.3
funds = 140668.86598876875
science = 10
reputationPercent = 46
ongoingContracts = 3
missionCurrentScore = 0
missionIsStarted = False
missionIsEnded = False
missionHistoryId = 00000000-0000-0000-0000-000000000000
missionExpansionVersion = 
saveMD5 = 
lastWriteTime = 637887614640059353
