vesselCount = 1
UT = 87010345.293151721
gameMode = CAREER
gameNull = False
kspVersion = 1.12.3
funds = 14395.848521026701
science = 4
reputationPercent = 10
ongoingContracts = 1
missionCurrentScore = 0
missionIsStarted = False
missionIsEnded = False
missionHistoryId = 00000000-0000-0000-0000-000000000000
missionExpansionVersion = 
saveMD5 = 
lastWriteTime = 637852177689684824
