vesselCount = 4
UT = 298554249.42717451
gameMode = CAREER
gameNull = False
kspVersion = 1.12.3
funds = 18736.819254061076
science = 15
reputationPercent = 45
ongoingContracts = 0
missionCurrentScore = 0
missionIsStarted = False
missionIsEnded = False
missionHistoryId = 00000000-0000-0000-0000-000000000000
missionExpansionVersion = 
saveMD5 = 
lastWriteTime = 637886484975749948
