vesselCount = 3
UT = 291925893.53036171
gameMode = CAREER
gameNull = False
kspVersion = 1.12.3
funds = 227501.57888479714
science = 5
reputationPercent = 45
ongoingContracts = 1
missionCurrentScore = 0
missionIsStarted = False
missionIsEnded = False
missionHistoryId = 00000000-0000-0000-0000-000000000000
missionExpansionVersion = 
saveMD5 = 
lastWriteTime = 637880796549140562
