vesselCount = 4
UT = 309289544.15738189
gameMode = CAREER
gameNull = False
kspVersion = 1.12.3
funds = 28485.877780799608
science = 10
reputationPercent = 46
ongoingContracts = 3
missionCurrentScore = 0
missionIsStarted = False
missionIsEnded = False
missionHistoryId = 00000000-0000-0000-0000-000000000000
missionExpansionVersion = 
saveMD5 = 
lastWriteTime = 637888066797155739
