vesselCount = 8
UT = 455153921.47051305
gameMode = CAREER
gameNull = False
kspVersion = 1.12.3
funds = 97788.312729984027
science = 4
reputationPercent = 65
ongoingContracts = 3
missionCurrentScore = 0
missionIsStarted = False
missionIsEnded = False
missionHistoryId = 00000000-0000-0000-0000-000000000000
missionExpansionVersion = 
saveMD5 = 
lastWriteTime = 637930763829846577
