vesselCount = 3
UT = 283295804.50102663
gameMode = CAREER
gameNull = False
kspVersion = 1.12.3
funds = 28785.450617375845
science = 5
reputationPercent = 40
ongoingContracts = 2
missionCurrentScore = 0
missionIsStarted = False
missionIsEnded = False
missionHistoryId = 00000000-0000-0000-0000-000000000000
missionExpansionVersion = 
saveMD5 = 
lastWriteTime = 637875996776397732
