vesselCount = 11
UT = 446302685.55321538
gameMode = CAREER
gameNull = False
kspVersion = 1.12.3
funds = 48548.425569114203
science = 1
reputationPercent = 58
ongoingContracts = 3
missionCurrentScore = 0
missionIsStarted = False
missionIsEnded = False
missionHistoryId = 00000000-0000-0000-0000-000000000000
missionExpansionVersion = 
saveMD5 = 
lastWriteTime = 637923941120245081
