vesselCount = 3
UT = 269095187.197483
gameMode = CAREER
gameNull = False
kspVersion = 1.12.3
funds = 92254.104661793652
science = 5
reputationPercent = 40
ongoingContracts = 1
missionCurrentScore = 0
missionIsStarted = False
missionIsEnded = False
missionHistoryId = 00000000-0000-0000-0000-000000000000
missionExpansionVersion = 
saveMD5 = 
lastWriteTime = 637874627956722591
