vesselCount = 2
UT = 261749670.69925568
gameMode = CAREER
gameNull = False
kspVersion = 1.12.3
funds = 29838.552232687252
science = 5
reputationPercent = 35
ongoingContracts = 1
missionCurrentScore = 0
missionIsStarted = False
missionIsEnded = False
missionHistoryId = 00000000-0000-0000-0000-000000000000
missionExpansionVersion = 
saveMD5 = 
lastWriteTime = 637870072069466966
