vesselCount = 8
UT = 410589469.9450084
gameMode = CAREER
gameNull = False
kspVersion = 1.12.3
funds = 475801.51578848076
science = 2
reputationPercent = 53
ongoingContracts = 1
missionCurrentScore = 0
missionIsStarted = False
missionIsEnded = False
missionHistoryId = 00000000-0000-0000-0000-000000000000
missionExpansionVersion = 
saveMD5 = 
lastWriteTime = 637906364115392620
