vesselCount = 9
UT = 349501201.39672834
gameMode = CAREER
gameNull = False
kspVersion = 1.12.3
funds = 70814.351622599206
science = 20
reputationPercent = 48
ongoingContracts = 1
missionCurrentScore = 0
missionIsStarted = False
missionIsEnded = False
missionHistoryId = 00000000-0000-0000-0000-000000000000
missionExpansionVersion = 
saveMD5 = 
lastWriteTime = 637898590835354619
