vesselCount = 9
UT = 365473774.20374775
gameMode = CAREER
gameNull = False
kspVersion = 1.12.3
funds = 104642.1103810185
science = 7
reputationPercent = 51
ongoingContracts = 2
missionCurrentScore = 0
missionIsStarted = False
missionIsEnded = False
missionHistoryId = 00000000-0000-0000-0000-000000000000
missionExpansionVersion = 
saveMD5 = 
lastWriteTime = 637900266886594318
