vesselCount = 4
UT = 291817656.37242919
gameMode = CAREER
gameNull = False
kspVersion = 1.12.3
funds = 19338.48866553339
science = 5
reputationPercent = 40
ongoingContracts = 2
missionCurrentScore = 0
missionIsStarted = False
missionIsEnded = False
missionHistoryId = 00000000-0000-0000-0000-000000000000
missionExpansionVersion = 
saveMD5 = 
lastWriteTime = 637880782819871031
