vesselCount = 9
UT = 384872034.15770054
gameMode = CAREER
gameNull = False
kspVersion = 1.12.3
funds = 476021.69867731608
science = 21
reputationPercent = 53
ongoingContracts = 3
missionCurrentScore = 0
missionIsStarted = False
missionIsEnded = False
missionHistoryId = 00000000-0000-0000-0000-000000000000
missionExpansionVersion = 
saveMD5 = 
lastWriteTime = 637905710151329774
