vesselCount = 10
UT = 460829920.51650864
gameMode = CAREER
gameNull = False
kspVersion = 1.12.3
funds = 101329.80257970358
science = 4
reputationPercent = 65
ongoingContracts = 6
missionCurrentScore = 0
missionIsStarted = False
missionIsEnded = False
missionHistoryId = 00000000-0000-0000-0000-000000000000
missionExpansionVersion = 
saveMD5 = 
lastWriteTime = 637930920955913368
