vesselCount = 5
UT = 292249868.94732642
gameMode = CAREER
gameNull = False
kspVersion = 1.12.3
funds = 17219.639990966822
science = 6
reputationPercent = 45
ongoingContracts = 1
missionCurrentScore = 0
missionIsStarted = False
missionIsEnded = False
missionHistoryId = 00000000-0000-0000-0000-000000000000
missionExpansionVersion = 
saveMD5 = 
lastWriteTime = 637882082970229206
