vesselCount = 10
UT = 453326862.87229639
gameMode = CAREER
gameNull = False
kspVersion = 1.12.3
funds = 63459.131423530343
science = 6
reputationPercent = 60
ongoingContracts = 3
missionCurrentScore = 0
missionIsStarted = False
missionIsEnded = False
missionHistoryId = 00000000-0000-0000-0000-000000000000
missionExpansionVersion = 
saveMD5 = 
lastWriteTime = 637930654389033545
