vesselCount = 9
UT = 460829121.4662928
gameMode = CAREER
gameNull = False
kspVersion = 1.12.3
funds = 101327.80257970358
science = 4
reputationPercent = 65
ongoingContracts = 6
missionCurrentScore = 0
missionIsStarted = False
missionIsEnded = False
missionHistoryId = 00000000-0000-0000-0000-000000000000
missionExpansionVersion = 
saveMD5 = 
lastWriteTime = 637930915617149581
