vesselCount = 9
UT = 370786978.02643812
gameMode = CAREER
gameNull = False
kspVersion = 1.12.3
funds = 240053.49759698028
science = 16
reputationPercent = 52
ongoingContracts = 3
missionCurrentScore = 0
missionIsStarted = False
missionIsEnded = False
missionHistoryId = 00000000-0000-0000-0000-000000000000
missionExpansionVersion = 
saveMD5 = 
lastWriteTime = 637904589131919423
