vesselCount = 9
UT = 399817091.44580573
gameMode = CAREER
gameNull = False
kspVersion = 1.12.3
funds = 480928.712210625
science = 2
reputationPercent = 54
ongoingContracts = 2
missionCurrentScore = 0
missionIsStarted = False
missionIsEnded = False
missionHistoryId = 00000000-0000-0000-0000-000000000000
missionExpansionVersion = 
saveMD5 = 
lastWriteTime = 637905834368302440
