vesselCount = 10
UT = 441286807.27864683
gameMode = CAREER
gameNull = False
kspVersion = 1.12.3
funds = 88446.208579609083
science = 1
reputationPercent = 58
ongoingContracts = 1
missionCurrentScore = 0
missionIsStarted = False
missionIsEnded = False
missionHistoryId = 00000000-0000-0000-0000-000000000000
missionExpansionVersion = 
saveMD5 = 
lastWriteTime = 637907376332813612
