vesselCount = 10
UT = 435236666.20918685
gameMode = CAREER
gameNull = False
kspVersion = 1.12.3
funds = 6169.4577986989098
science = 1
reputationPercent = 58
ongoingContracts = 3
missionCurrentScore = 0
missionIsStarted = False
missionIsEnded = False
missionHistoryId = 00000000-0000-0000-0000-000000000000
missionExpansionVersion = 
saveMD5 = 
lastWriteTime = 637906739413055832
