vesselCount = 7
UT = 335456078.71137285
gameMode = CAREER
gameNull = False
kspVersion = 1.12.3
funds = 15350.667406130871
science = 10
reputationPercent = 47
ongoingContracts = 1
missionCurrentScore = 0
missionIsStarted = False
missionIsEnded = False
missionHistoryId = 00000000-0000-0000-0000-000000000000
missionExpansionVersion = 
saveMD5 = 
lastWriteTime = 637888362628370785
