vesselCount = 9
UT = 415566533.66999328
gameMode = CAREER
gameNull = False
kspVersion = 1.12.3
funds = 622035.86223366577
science = 17
reputationPercent = 58
ongoingContracts = 0
missionCurrentScore = 0
missionIsStarted = False
missionIsEnded = False
missionHistoryId = 00000000-0000-0000-0000-000000000000
missionExpansionVersion = 
saveMD5 = 
lastWriteTime = 637906429234317711
