vesselCount = 4
UT = 283359638.23692441
gameMode = CAREER
gameNull = False
kspVersion = 1.12.3
funds = 16981.791504676585
science = 5
reputationPercent = 40
ongoingContracts = 2
missionCurrentScore = 0
missionIsStarted = False
missionIsEnded = False
missionHistoryId = 00000000-0000-0000-0000-000000000000
missionExpansionVersion = 
saveMD5 = 
lastWriteTime = 637880769749352031
