vesselCount = 7
UT = 335456335.00086486
gameMode = CAREER
gameNull = False
kspVersion = 1.12.3
funds = 13857.627367068371
science = 10
reputationPercent = 47
ongoingContracts = 1
missionCurrentScore = 0
missionIsStarted = False
missionIsEnded = False
missionHistoryId = 00000000-0000-0000-0000-000000000000
missionExpansionVersion = 
saveMD5 = 
lastWriteTime = 637888357217825356
