vesselCount = 2
UT = 141654336.79179335
gameMode = CAREER
gameNull = False
kspVersion = 1.12.3
funds = 13517.552428438359
science = 2
reputationPercent = 12
ongoingContracts = 2
missionCurrentScore = 0
missionIsStarted = False
missionIsEnded = False
missionHistoryId = 00000000-0000-0000-0000-000000000000
missionExpansionVersion = 
saveMD5 = 
lastWriteTime = 637857099836528593
