vesselCount = 8
UT = 342985044.98975366
gameMode = CAREER
gameNull = False
kspVersion = 1.12.3
funds = 45905.565744442647
science = 12
reputationPercent = 47
ongoingContracts = 2
missionCurrentScore = 0
missionIsStarted = False
missionIsEnded = False
missionHistoryId = 00000000-0000-0000-0000-000000000000
missionExpansionVersion = 
saveMD5 = 
lastWriteTime = 637888422864489971
