vesselCount = 10
UT = 441290406.17899603
gameMode = CAREER
gameNull = False
kspVersion = 1.12.3
funds = 20572.625494279662
science = 1
reputationPercent = 58
ongoingContracts = 1
missionCurrentScore = 0
missionIsStarted = False
missionIsEnded = False
missionHistoryId = 00000000-0000-0000-0000-000000000000
missionExpansionVersion = 
saveMD5 = 
lastWriteTime = 637923905964832899
